10
10
-2.20 4.15 -2.98 -1.29 -3.31 -1.88 .60 -3.24 -3.86 4.69 -2.89 .58 1.26 -1.39 1.03 .66 -3.00 -4.22 -1.58 4.03 
4.30 -3.40 2.53 4.47 4.39 1.37 2.11 -3.92 1.71 -3.66 -.62 1.18 2.62 -4.89 .51 4.37 4.48 -.69 2.37 3.99 
-2.56 3.81 -3.74 -1.12 -1.27 -3.53 .56 3.10 -2.02 -.14 2.04 3.92 .18 2.32 -2.71 -1.55 2.10 -1.05 4.11 2.60 
-3.29 -1.31 -4.83 2.06 .20 2.48 -4.71 -1.51 -4.75 -1.38 -3.37 -4.07 4.98 -3.95 -4.38 1.78 1.90 2.97 -.28 3.80 
-2.80 -1.81 1.21 -.41 -3.47 -4.56 .97 -1.96 .01 -3.99 4.63 2.62 -4.43 3.64 -.36 4.88 -3.11 -3.27 2.35 3.02 
-.56 -3.50 .43 4.09 .65 -3.14 -2.45 .56 3.21 1.13 3.95 1.60 3.66 2.96 -1.27 -3.15 1.99 4.27 -3.07 -4.07 
1.79 .70 -2.42 -.09 4.66 -3.85 -3.49 2.05 -2.97 1.26 1.50 3.77 2.32 -2.62 -4.36 -1.50 -3.53 -3.25 -.85 .27 
.26 1.40 -1.13 -3.65 -2.44 -1.37 -.49 2.92 4.67 -1.98 .52 .97 2.24 -4.15 -2.23 4.91 -2.05 -4.09 -.30 .01 
4.99 1.71 3.64 -3.92 -1.14 4.30 -1.08 3.65 2.29 1.16 .20 -3.92 -3.67 -3.18 -4.10 -4.47 3.58 2.49 4.08 3.33 
-1.79 2.78 .33 -4.55 -3.74 .16 -.00 2.23 -1.25 3.77 .18 -2.90 -.29 -2.20 -4.59 3.06 1.03 -4.05 4.22 -2.92 
