10
10
3.95 -2.53 -3.40 -.44 -.80 -.63 -4.04 -1.79 -1.29 -3.25 -2.20 1.20 -2.46 -4.56 1.02 1.06 4.80 -4.76 -4.34 .46 
-2.48 -3.36 -1.14 -1.11 -2.75 .64 -4.71 4.33 .15 1.40 -1.18 -1.01 2.34 -3.58 2.73 -1.77 4.34 -2.46 .96 .47 
.03 -2.83 4.13 2.30 -1.91 -2.16 -.14 -3.27 -3.73 .17 -1.07 4.71 1.90 3.70 4.89 -.40 -4.78 -2.57 -2.23 1.82 
-4.52 2.19 -1.01 -3.87 3.93 4.72 -1.78 -2.58 1.60 4.36 .30 1.40 4.50 -3.28 4.08 -4.27 3.50 -4.88 3.64 3.50 
1.32 -.12 -3.71 -4.61 4.43 -2.43 1.09 -.96 3.32 -2.91 -3.74 4.22 .77 -2.77 3.79 .15 3.89 .82 4.70 -3.09 
2.50 3.79 -.78 -3.45 3.40 3.68 1.59 .41 -2.81 .95 .93 -1.41 1.99 -1.79 -4.48 4.20 -3.52 -2.88 .16 -.28 
2.48 -.18 3.04 -4.69 -3.78 2.29 1.19 -.55 -3.86 -.42 1.18 .01 4.05 -.98 4.92 .19 -3.75 -4.06 -1.25 -2.70 
.76 -2.22 -2.46 4.01 -3.05 -3.03 4.76 1.08 4.27 -.39 3.68 -2.26 -2.44 -2.75 4.34 .93 -2.66 1.37 -3.92 -2.56 
4.78 -4.06 -4.38 3.62 3.01 1.47 -3.99 -4.31 -2.16 -4.74 3.05 .16 3.90 -3.59 1.50 -2.35 4.18 .81 -4.66 -4.44 
4.28 .99 2.73 4.47 -4.31 -1.99 -1.21 1.02 -3.96 -2.39 -3.47 4.85 -2.02 1.15 -.95 .84 2.59 2.29 4.33 -1.58 
